5904 5863 4540 6013

1696091766307410580 thumb 3.9s
4017 4039

1696091771609465520 ffinger 9.19
4165 4187

1696091781314002503 middlefinger 18.93
4456 4479

1696091791450355136 ringfinger 22.74
4540 4563

1696091821228875337 thumb+littlefinger 55.68
5512

1696091819228261573 thumb+ringfinger 55.68
5596

1696091826531622824 thumb+ringfinger 64.12
5718

1696091829465013795 thumb+middlefinger 67.018
5863

1696091832366460554 thumb+foodfinger 69.93
5904

1696091833400328611 thumb+littlefinger 70.96
6013


